(kicad_pcb (version 20171130) (host pcbnew "(5.1.2)-2")

  (general
    (thickness 1.6)
    (drawings 6)
    (tracks 90)
    (zones 0)
    (modules 14)
    (nets 8)
  )

  (page A4)
  (layers
    (0 F.Cu signal hide)
    (31 B.Cu signal)
    (32 B.Adhes user)
    (33 F.Adhes user)
    (34 B.Paste user)
    (35 F.Paste user)
    (36 B.SilkS user)
    (37 F.SilkS user)
    (38 B.Mask user)
    (39 F.Mask user)
    (40 Dwgs.User user hide)
    (41 Cmts.User user hide)
    (42 Eco1.User user hide)
    (43 Eco2.User user hide)
    (44 Edge.Cuts user)
    (45 Margin user hide)
    (46 B.CrtYd user hide)
    (47 F.CrtYd user)
    (48 B.Fab user hide)
    (49 F.Fab user hide)
  )

  (setup
    (last_trace_width 0.381)
    (user_trace_width 0.381)
    (user_trace_width 1)
    (trace_clearance 0.2)
    (zone_clearance 0.6)
    (zone_45_only no)
    (trace_min 0.2)
    (via_size 0.8)
    (via_drill 0.4)
    (via_min_size 0.4)
    (via_min_drill 0.3)
    (uvia_size 0.3)
    (uvia_drill 0.1)
    (uvias_allowed no)
    (uvia_min_size 0.2)
    (uvia_min_drill 0.1)
    (edge_width 0.05)
    (segment_width 0.2)
    (pcb_text_width 0.3)
    (pcb_text_size 1.5 1.5)
    (mod_edge_width 0.12)
    (mod_text_size 1 1)
    (mod_text_width 0.15)
    (pad_size 1.524 1.524)
    (pad_drill 0.762)
    (pad_to_mask_clearance 0.051)
    (solder_mask_min_width 0.25)
    (aux_axis_origin 113.157 127.635)
    (grid_origin 113.157 127.635)
    (visible_elements 7FFFF7FF)
    (pcbplotparams
      (layerselection 0x010fc_ffffffff)
      (usegerberextensions false)
      (usegerberattributes false)
      (usegerberadvancedattributes false)
      (creategerberjobfile false)
      (excludeedgelayer true)
      (linewidth 0.100000)
      (plotframeref false)
      (viasonmask false)
      (mode 1)
      (useauxorigin false)
      (hpglpennumber 1)
      (hpglpenspeed 20)
      (hpglpendiameter 15.000000)
      (psnegative false)
      (psa4output false)
      (plotreference true)
      (plotvalue true)
      (plotinvisibletext false)
      (padsonsilk false)
      (subtractmaskfromsilk false)
      (outputformat 1)
      (mirror false)
      (drillshape 1)
      (scaleselection 1)
      (outputdirectory ""))
  )

  (net 0 "")
  (net 1 "Net-(C1-Pad1)")
  (net 2 GND)
  (net 3 "Net-(C2-Pad2)")
  (net 4 "Net-(C3-Pad1)")
  (net 5 VDD)
  (net 6 "Net-(R1-Pad1)")
  (net 7 "Net-(R3-Pad2)")

  (net_class Default "This is the default net class."
    (clearance 0.2)
    (trace_width 0.25)
    (via_dia 0.8)
    (via_drill 0.4)
    (uvia_dia 0.3)
    (uvia_drill 0.1)
    (add_net GND)
    (add_net "Net-(C1-Pad1)")
    (add_net "Net-(C2-Pad2)")
    (add_net "Net-(C3-Pad1)")
    (add_net "Net-(R1-Pad1)")
    (add_net "Net-(R3-Pad2)")
    (add_net VDD)
  )

  (module MountingHole:MountingHole_2mm (layer F.Cu) (tedit 5B924920) (tstamp 5DED86AA)
    (at 115.443 93.98)
    (descr "Mounting Hole 2mm, no annular")
    (tags "mounting hole 2mm no annular")
    (path /5DEE7A41)
    (attr virtual)
    (fp_text reference H4 (at 3.429 -0.508) (layer F.SilkS)
      (effects (font (size 1 1) (thickness 0.15)))
    )
    (fp_text value MountingHole (at 0 3.1) (layer F.Fab)
      (effects (font (size 1 1) (thickness 0.15)))
    )
    (fp_circle (center 0 0) (end 2.25 0) (layer F.CrtYd) (width 0.05))
    (fp_circle (center 0 0) (end 2 0) (layer Cmts.User) (width 0.15))
    (fp_text user %R (at 0.3 0) (layer F.Fab)
      (effects (font (size 1 1) (thickness 0.15)))
    )
    (pad "" np_thru_hole circle (at 0 0) (size 2 2) (drill 2) (layers *.Cu *.Mask))
  )

  (module MountingHole:MountingHole_2mm (layer F.Cu) (tedit 5B924920) (tstamp 5DED7E20)
    (at 163.068 93.98)
    (descr "Mounting Hole 2mm, no annular")
    (tags "mounting hole 2mm no annular")
    (path /5DEA2F45)
    (attr virtual)
    (fp_text reference H3 (at 0 -3.2) (layer F.SilkS)
      (effects (font (size 1 1) (thickness 0.15)))
    )
    (fp_text value MountingHole (at 0 3.1) (layer F.Fab)
      (effects (font (size 1 1) (thickness 0.15)))
    )
    (fp_circle (center 0 0) (end 2.25 0) (layer F.CrtYd) (width 0.05))
    (fp_circle (center 0 0) (end 2 0) (layer Cmts.User) (width 0.15))
    (fp_text user %R (at 0.3 0) (layer F.Fab)
      (effects (font (size 1 1) (thickness 0.15)))
    )
    (pad "" np_thru_hole circle (at 0 0) (size 2 2) (drill 2) (layers *.Cu *.Mask))
  )

  (module MountingHole:MountingHole_2mm (layer F.Cu) (tedit 5B924920) (tstamp 5DED7329)
    (at 115.443 125.349)
    (descr "Mounting Hole 2mm, no annular")
    (tags "mounting hole 2mm no annular")
    (path /5DEA3366)
    (attr virtual)
    (fp_text reference H2 (at 0 -3.2) (layer F.SilkS)
      (effects (font (size 1 1) (thickness 0.15)))
    )
    (fp_text value MountingHole (at 0 3.1) (layer F.Fab)
      (effects (font (size 1 1) (thickness 0.15)))
    )
    (fp_circle (center 0 0) (end 2.25 0) (layer F.CrtYd) (width 0.05))
    (fp_circle (center 0 0) (end 2 0) (layer Cmts.User) (width 0.15))
    (fp_text user %R (at 0.3 0) (layer F.Fab)
      (effects (font (size 1 1) (thickness 0.15)))
    )
    (pad "" np_thru_hole circle (at 0 0) (size 2 2) (drill 2) (layers *.Cu *.Mask))
  )

  (module MountingHole:MountingHole_2mm (layer F.Cu) (tedit 5B924920) (tstamp 5DED78C8)
    (at 163.068 125.349)
    (descr "Mounting Hole 2mm, no annular")
    (tags "mounting hole 2mm no annular")
    (path /5DEA26EA)
    (attr virtual)
    (fp_text reference H1 (at 0 -3.2) (layer F.SilkS)
      (effects (font (size 1 1) (thickness 0.15)))
    )
    (fp_text value MountingHole (at 0 3.1) (layer F.Fab)
      (effects (font (size 1 1) (thickness 0.15)))
    )
    (fp_circle (center 0 0) (end 2.25 0) (layer F.CrtYd) (width 0.05))
    (fp_circle (center 0 0) (end 2 0) (layer Cmts.User) (width 0.15))
    (fp_text user %R (at 0.3 0) (layer F.Fab)
      (effects (font (size 1 1) (thickness 0.15)))
    )
    (pad "" np_thru_hole circle (at 0 0) (size 2 2) (drill 2) (layers *.Cu *.Mask))
  )

  (module Capacitor_SMD:C_1206_3216Metric_Pad1.42x1.75mm_HandSolder (layer B.Cu) (tedit 5B301BBE) (tstamp 5DE9CB23)
    (at 124.206 99.314 180)
    (descr "Capacitor SMD 1206 (3216 Metric), square (rectangular) end terminal, IPC_7351 nominal with elongated pad for handsoldering. (Body size source: http://www.tortai-tech.com/upload/download/2011102023233369053.pdf), generated with kicad-footprint-generator")
    (tags "capacitor handsolder")
    (path /5DE84F15)
    (attr smd)
    (fp_text reference C1 (at 0 1.82) (layer B.SilkS)
      (effects (font (size 1 1) (thickness 0.15)) (justify mirror))
    )
    (fp_text value 1u (at 0 -1.82) (layer B.Fab)
      (effects (font (size 1 1) (thickness 0.15)) (justify mirror))
    )
    (fp_line (start -1.6 -0.8) (end -1.6 0.8) (layer B.Fab) (width 0.1))
    (fp_line (start -1.6 0.8) (end 1.6 0.8) (layer B.Fab) (width 0.1))
    (fp_line (start 1.6 0.8) (end 1.6 -0.8) (layer B.Fab) (width 0.1))
    (fp_line (start 1.6 -0.8) (end -1.6 -0.8) (layer B.Fab) (width 0.1))
    (fp_line (start -0.602064 0.91) (end 0.602064 0.91) (layer B.SilkS) (width 0.12))
    (fp_line (start -0.602064 -0.91) (end 0.602064 -0.91) (layer B.SilkS) (width 0.12))
    (fp_line (start -2.45 -1.12) (end -2.45 1.12) (layer B.CrtYd) (width 0.05))
    (fp_line (start -2.45 1.12) (end 2.45 1.12) (layer B.CrtYd) (width 0.05))
    (fp_line (start 2.45 1.12) (end 2.45 -1.12) (layer B.CrtYd) (width 0.05))
    (fp_line (start 2.45 -1.12) (end -2.45 -1.12) (layer B.CrtYd) (width 0.05))
    (fp_text user %R (at 0 0) (layer B.Fab)
      (effects (font (size 0.8 0.8) (thickness 0.12)) (justify mirror))
    )
    (pad 1 smd roundrect (at -1.4875 0 180) (size 1.425 1.75) (layers B.Cu B.Paste B.Mask) (roundrect_rratio 0.175439)
      (net 1 "Net-(C1-Pad1)"))
    (pad 2 smd roundrect (at 1.4875 0 180) (size 1.425 1.75) (layers B.Cu B.Paste B.Mask) (roundrect_rratio 0.175439)
      (net 2 GND))
    (model ${KISYS3DMOD}/Capacitor_SMD.3dshapes/C_1206_3216Metric.wrl
      (at (xyz 0 0 0))
      (scale (xyz 1 1 1))
      (rotate (xyz 0 0 0))
    )
  )

  (module Capacitor_SMD:C_1206_3216Metric_Pad1.42x1.75mm_HandSolder (layer B.Cu) (tedit 5B301BBE) (tstamp 5DE9D477)
    (at 124.206 109.474)
    (descr "Capacitor SMD 1206 (3216 Metric), square (rectangular) end terminal, IPC_7351 nominal with elongated pad for handsoldering. (Body size source: http://www.tortai-tech.com/upload/download/2011102023233369053.pdf), generated with kicad-footprint-generator")
    (tags "capacitor handsolder")
    (path /5DE83362)
    (attr smd)
    (fp_text reference C2 (at 0 1.82) (layer B.SilkS)
      (effects (font (size 1 1) (thickness 0.15)) (justify mirror))
    )
    (fp_text value 1u (at 0 -1.82) (layer B.Fab)
      (effects (font (size 1 1) (thickness 0.15)) (justify mirror))
    )
    (fp_line (start -1.6 -0.8) (end -1.6 0.8) (layer B.Fab) (width 0.1))
    (fp_line (start -1.6 0.8) (end 1.6 0.8) (layer B.Fab) (width 0.1))
    (fp_line (start 1.6 0.8) (end 1.6 -0.8) (layer B.Fab) (width 0.1))
    (fp_line (start 1.6 -0.8) (end -1.6 -0.8) (layer B.Fab) (width 0.1))
    (fp_line (start -0.602064 0.91) (end 0.602064 0.91) (layer B.SilkS) (width 0.12))
    (fp_line (start -0.602064 -0.91) (end 0.602064 -0.91) (layer B.SilkS) (width 0.12))
    (fp_line (start -2.45 -1.12) (end -2.45 1.12) (layer B.CrtYd) (width 0.05))
    (fp_line (start -2.45 1.12) (end 2.45 1.12) (layer B.CrtYd) (width 0.05))
    (fp_line (start 2.45 1.12) (end 2.45 -1.12) (layer B.CrtYd) (width 0.05))
    (fp_line (start 2.45 -1.12) (end -2.45 -1.12) (layer B.CrtYd) (width 0.05))
    (fp_text user %R (at 0 0) (layer B.Fab)
      (effects (font (size 0.8 0.8) (thickness 0.12)) (justify mirror))
    )
    (pad 1 smd roundrect (at -1.4875 0) (size 1.425 1.75) (layers B.Cu B.Paste B.Mask) (roundrect_rratio 0.175439)
      (net 2 GND))
    (pad 2 smd roundrect (at 1.4875 0) (size 1.425 1.75) (layers B.Cu B.Paste B.Mask) (roundrect_rratio 0.175439)
      (net 3 "Net-(C2-Pad2)"))
    (model ${KISYS3DMOD}/Capacitor_SMD.3dshapes/C_1206_3216Metric.wrl
      (at (xyz 0 0 0))
      (scale (xyz 1 1 1))
      (rotate (xyz 0 0 0))
    )
  )

  (module Capacitor_SMD:C_1206_3216Metric_Pad1.42x1.75mm_HandSolder (layer B.Cu) (tedit 5B301BBE) (tstamp 5DE9CB45)
    (at 157.226 106.934 180)
    (descr "Capacitor SMD 1206 (3216 Metric), square (rectangular) end terminal, IPC_7351 nominal with elongated pad for handsoldering. (Body size source: http://www.tortai-tech.com/upload/download/2011102023233369053.pdf), generated with kicad-footprint-generator")
    (tags "capacitor handsolder")
    (path /5DE83F51)
    (attr smd)
    (fp_text reference C3 (at 0 1.82) (layer B.SilkS)
      (effects (font (size 1 1) (thickness 0.15)) (justify mirror))
    )
    (fp_text value 1u (at 0 -1.82) (layer B.Fab)
      (effects (font (size 1 1) (thickness 0.15)) (justify mirror))
    )
    (fp_text user %R (at 0 0) (layer B.Fab)
      (effects (font (size 0.8 0.8) (thickness 0.12)) (justify mirror))
    )
    (fp_line (start 2.45 -1.12) (end -2.45 -1.12) (layer B.CrtYd) (width 0.05))
    (fp_line (start 2.45 1.12) (end 2.45 -1.12) (layer B.CrtYd) (width 0.05))
    (fp_line (start -2.45 1.12) (end 2.45 1.12) (layer B.CrtYd) (width 0.05))
    (fp_line (start -2.45 -1.12) (end -2.45 1.12) (layer B.CrtYd) (width 0.05))
    (fp_line (start -0.602064 -0.91) (end 0.602064 -0.91) (layer B.SilkS) (width 0.12))
    (fp_line (start -0.602064 0.91) (end 0.602064 0.91) (layer B.SilkS) (width 0.12))
    (fp_line (start 1.6 -0.8) (end -1.6 -0.8) (layer B.Fab) (width 0.1))
    (fp_line (start 1.6 0.8) (end 1.6 -0.8) (layer B.Fab) (width 0.1))
    (fp_line (start -1.6 0.8) (end 1.6 0.8) (layer B.Fab) (width 0.1))
    (fp_line (start -1.6 -0.8) (end -1.6 0.8) (layer B.Fab) (width 0.1))
    (pad 2 smd roundrect (at 1.4875 0 180) (size 1.425 1.75) (layers B.Cu B.Paste B.Mask) (roundrect_rratio 0.175439)
      (net 2 GND))
    (pad 1 smd roundrect (at -1.4875 0 180) (size 1.425 1.75) (layers B.Cu B.Paste B.Mask) (roundrect_rratio 0.175439)
      (net 4 "Net-(C3-Pad1)"))
    (model ${KISYS3DMOD}/Capacitor_SMD.3dshapes/C_1206_3216Metric.wrl
      (at (xyz 0 0 0))
      (scale (xyz 1 1 1))
      (rotate (xyz 0 0 0))
    )
  )

  (module Connector_PinHeader_2.54mm:PinHeader_2x03_P2.54mm_Vertical_SMD (layer B.Cu) (tedit 59FED5CC) (tstamp 5DE9D1ED)
    (at 141.986 120.904)
    (descr "surface-mounted straight pin header, 2x03, 2.54mm pitch, double rows")
    (tags "Surface mounted pin header SMD 2x03 2.54mm double row")
    (path /5DEA3FDD)
    (attr smd)
    (fp_text reference J1 (at 0 4.87) (layer B.SilkS)
      (effects (font (size 1 1) (thickness 0.15)) (justify mirror))
    )
    (fp_text value Conn_02x03_Top_Bottom (at 0 -4.87) (layer B.Fab)
      (effects (font (size 1 1) (thickness 0.15)) (justify mirror))
    )
    (fp_line (start 2.54 -3.81) (end -2.54 -3.81) (layer B.Fab) (width 0.1))
    (fp_line (start -1.59 3.81) (end 2.54 3.81) (layer B.Fab) (width 0.1))
    (fp_line (start -2.54 -3.81) (end -2.54 2.86) (layer B.Fab) (width 0.1))
    (fp_line (start -2.54 2.86) (end -1.59 3.81) (layer B.Fab) (width 0.1))
    (fp_line (start 2.54 3.81) (end 2.54 -3.81) (layer B.Fab) (width 0.1))
    (fp_line (start -2.54 2.86) (end -3.6 2.86) (layer B.Fab) (width 0.1))
    (fp_line (start -3.6 2.86) (end -3.6 2.22) (layer B.Fab) (width 0.1))
    (fp_line (start -3.6 2.22) (end -2.54 2.22) (layer B.Fab) (width 0.1))
    (fp_line (start 2.54 2.86) (end 3.6 2.86) (layer B.Fab) (width 0.1))
    (fp_line (start 3.6 2.86) (end 3.6 2.22) (layer B.Fab) (width 0.1))
    (fp_line (start 3.6 2.22) (end 2.54 2.22) (layer B.Fab) (width 0.1))
    (fp_line (start -2.54 0.32) (end -3.6 0.32) (layer B.Fab) (width 0.1))
    (fp_line (start -3.6 0.32) (end -3.6 -0.32) (layer B.Fab) (width 0.1))
    (fp_line (start -3.6 -0.32) (end -2.54 -0.32) (layer B.Fab) (width 0.1))
    (fp_line (start 2.54 0.32) (end 3.6 0.32) (layer B.Fab) (width 0.1))
    (fp_line (start 3.6 0.32) (end 3.6 -0.32) (layer B.Fab) (width 0.1))
    (fp_line (start 3.6 -0.32) (end 2.54 -0.32) (layer B.Fab) (width 0.1))
    (fp_line (start -2.54 -2.22) (end -3.6 -2.22) (layer B.Fab) (width 0.1))
    (fp_line (start -3.6 -2.22) (end -3.6 -2.86) (layer B.Fab) (width 0.1))
    (fp_line (start -3.6 -2.86) (end -2.54 -2.86) (layer B.Fab) (width 0.1))
    (fp_line (start 2.54 -2.22) (end 3.6 -2.22) (layer B.Fab) (width 0.1))
    (fp_line (start 3.6 -2.22) (end 3.6 -2.86) (layer B.Fab) (width 0.1))
    (fp_line (start 3.6 -2.86) (end 2.54 -2.86) (layer B.Fab) (width 0.1))
    (fp_line (start -2.6 3.87) (end 2.6 3.87) (layer B.SilkS) (width 0.12))
    (fp_line (start -2.6 -3.87) (end 2.6 -3.87) (layer B.SilkS) (width 0.12))
    (fp_line (start -4.04 3.3) (end -2.6 3.3) (layer B.SilkS) (width 0.12))
    (fp_line (start -2.6 3.87) (end -2.6 3.3) (layer B.SilkS) (width 0.12))
    (fp_line (start 2.6 3.87) (end 2.6 3.3) (layer B.SilkS) (width 0.12))
    (fp_line (start -2.6 -3.3) (end -2.6 -3.87) (layer B.SilkS) (width 0.12))
    (fp_line (start 2.6 -3.3) (end 2.6 -3.87) (layer B.SilkS) (width 0.12))
    (fp_line (start -2.6 1.78) (end -2.6 0.76) (layer B.SilkS) (width 0.12))
    (fp_line (start 2.6 1.78) (end 2.6 0.76) (layer B.SilkS) (width 0.12))
    (fp_line (start -2.6 -0.76) (end -2.6 -1.78) (layer B.SilkS) (width 0.12))
    (fp_line (start 2.6 -0.76) (end 2.6 -1.78) (layer B.SilkS) (width 0.12))
    (fp_line (start -5.9 4.35) (end -5.9 -4.35) (layer B.CrtYd) (width 0.05))
    (fp_line (start -5.9 -4.35) (end 5.9 -4.35) (layer B.CrtYd) (width 0.05))
    (fp_line (start 5.9 -4.35) (end 5.9 4.35) (layer B.CrtYd) (width 0.05))
    (fp_line (start 5.9 4.35) (end -5.9 4.35) (layer B.CrtYd) (width 0.05))
    (fp_text user %R (at 0 1.27 90) (layer F.Fab)
      (effects (font (size 1 1) (thickness 0.15)))
    )
    (pad 1 smd rect (at -2.525 2.54) (size 3.15 1) (layers B.Cu B.Paste B.Mask)
      (net 5 VDD))
    (pad 2 smd rect (at 2.525 2.54) (size 3.15 1) (layers B.Cu B.Paste B.Mask)
      (net 2 GND))
    (pad 3 smd rect (at -2.525 0) (size 3.15 1) (layers B.Cu B.Paste B.Mask)
      (net 4 "Net-(C3-Pad1)"))
    (pad 4 smd rect (at 2.525 0) (size 3.15 1) (layers B.Cu B.Paste B.Mask)
      (net 4 "Net-(C3-Pad1)"))
    (pad 5 smd rect (at -2.525 -2.54) (size 3.15 1) (layers B.Cu B.Paste B.Mask)
      (net 3 "Net-(C2-Pad2)"))
    (pad 6 smd rect (at 2.525 -2.54) (size 3.15 1) (layers B.Cu B.Paste B.Mask)
      (net 1 "Net-(C1-Pad1)"))
    (model ${KISYS3DMOD}/Connector_PinHeader_2.54mm.3dshapes/PinHeader_2x03_P2.54mm_Vertical_SMD.wrl
      (at (xyz 0 0 0))
      (scale (xyz 1 1 1))
      (rotate (xyz 0 0 0))
    )
  )

  (module Resistor_SMD:R_1206_3216Metric_Pad1.42x1.75mm_HandSolder (layer B.Cu) (tedit 5B301BBD) (tstamp 5DE9CBC7)
    (at 124.206 104.394 180)
    (descr "Resistor SMD 1206 (3216 Metric), square (rectangular) end terminal, IPC_7351 nominal with elongated pad for handsoldering. (Body size source: http://www.tortai-tech.com/upload/download/2011102023233369053.pdf), generated with kicad-footprint-generator")
    (tags "resistor handsolder")
    (path /5DE96F17)
    (attr smd)
    (fp_text reference R1 (at 0 1.82) (layer B.SilkS)
      (effects (font (size 1 1) (thickness 0.15)) (justify mirror))
    )
    (fp_text value 100 (at 0 -1.82) (layer B.Fab)
      (effects (font (size 1 1) (thickness 0.15)) (justify mirror))
    )
    (fp_line (start -1.6 -0.8) (end -1.6 0.8) (layer B.Fab) (width 0.1))
    (fp_line (start -1.6 0.8) (end 1.6 0.8) (layer B.Fab) (width 0.1))
    (fp_line (start 1.6 0.8) (end 1.6 -0.8) (layer B.Fab) (width 0.1))
    (fp_line (start 1.6 -0.8) (end -1.6 -0.8) (layer B.Fab) (width 0.1))
    (fp_line (start -0.602064 0.91) (end 0.602064 0.91) (layer B.SilkS) (width 0.12))
    (fp_line (start -0.602064 -0.91) (end 0.602064 -0.91) (layer B.SilkS) (width 0.12))
    (fp_line (start -2.45 -1.12) (end -2.45 1.12) (layer B.CrtYd) (width 0.05))
    (fp_line (start -2.45 1.12) (end 2.45 1.12) (layer B.CrtYd) (width 0.05))
    (fp_line (start 2.45 1.12) (end 2.45 -1.12) (layer B.CrtYd) (width 0.05))
    (fp_line (start 2.45 -1.12) (end -2.45 -1.12) (layer B.CrtYd) (width 0.05))
    (fp_text user %R (at 0 0) (layer B.Fab)
      (effects (font (size 0.8 0.8) (thickness 0.12)) (justify mirror))
    )
    (pad 1 smd roundrect (at -1.4875 0 180) (size 1.425 1.75) (layers B.Cu B.Paste B.Mask) (roundrect_rratio 0.175439)
      (net 6 "Net-(R1-Pad1)"))
    (pad 2 smd roundrect (at 1.4875 0 180) (size 1.425 1.75) (layers B.Cu B.Paste B.Mask) (roundrect_rratio 0.175439)
      (net 2 GND))
    (model ${KISYS3DMOD}/Resistor_SMD.3dshapes/R_1206_3216Metric.wrl
      (at (xyz 0 0 0))
      (scale (xyz 1 1 1))
      (rotate (xyz 0 0 0))
    )
  )

  (module Resistor_SMD:R_1206_3216Metric_Pad1.42x1.75mm_HandSolder (layer B.Cu) (tedit 5B301BBD) (tstamp 5DE9CBD8)
    (at 124.206 95.504)
    (descr "Resistor SMD 1206 (3216 Metric), square (rectangular) end terminal, IPC_7351 nominal with elongated pad for handsoldering. (Body size source: http://www.tortai-tech.com/upload/download/2011102023233369053.pdf), generated with kicad-footprint-generator")
    (tags "resistor handsolder")
    (path /5DE98375)
    (attr smd)
    (fp_text reference R2 (at 0 1.82) (layer B.SilkS)
      (effects (font (size 1 1) (thickness 0.15)) (justify mirror))
    )
    (fp_text value 10K (at 0 -1.82) (layer B.Fab)
      (effects (font (size 1 1) (thickness 0.15)) (justify mirror))
    )
    (fp_line (start -1.6 -0.8) (end -1.6 0.8) (layer B.Fab) (width 0.1))
    (fp_line (start -1.6 0.8) (end 1.6 0.8) (layer B.Fab) (width 0.1))
    (fp_line (start 1.6 0.8) (end 1.6 -0.8) (layer B.Fab) (width 0.1))
    (fp_line (start 1.6 -0.8) (end -1.6 -0.8) (layer B.Fab) (width 0.1))
    (fp_line (start -0.602064 0.91) (end 0.602064 0.91) (layer B.SilkS) (width 0.12))
    (fp_line (start -0.602064 -0.91) (end 0.602064 -0.91) (layer B.SilkS) (width 0.12))
    (fp_line (start -2.45 -1.12) (end -2.45 1.12) (layer B.CrtYd) (width 0.05))
    (fp_line (start -2.45 1.12) (end 2.45 1.12) (layer B.CrtYd) (width 0.05))
    (fp_line (start 2.45 1.12) (end 2.45 -1.12) (layer B.CrtYd) (width 0.05))
    (fp_line (start 2.45 -1.12) (end -2.45 -1.12) (layer B.CrtYd) (width 0.05))
    (fp_text user %R (at 0 0) (layer B.Fab)
      (effects (font (size 0.8 0.8) (thickness 0.12)) (justify mirror))
    )
    (pad 1 smd roundrect (at -1.4875 0) (size 1.425 1.75) (layers B.Cu B.Paste B.Mask) (roundrect_rratio 0.175439)
      (net 5 VDD))
    (pad 2 smd roundrect (at 1.4875 0) (size 1.425 1.75) (layers B.Cu B.Paste B.Mask) (roundrect_rratio 0.175439)
      (net 1 "Net-(C1-Pad1)"))
    (model ${KISYS3DMOD}/Resistor_SMD.3dshapes/R_1206_3216Metric.wrl
      (at (xyz 0 0 0))
      (scale (xyz 1 1 1))
      (rotate (xyz 0 0 0))
    )
  )

  (module Resistor_SMD:R_1206_3216Metric_Pad1.42x1.75mm_HandSolder (layer B.Cu) (tedit 5B301BBD) (tstamp 5DE9CBE9)
    (at 157.226 103.124 180)
    (descr "Resistor SMD 1206 (3216 Metric), square (rectangular) end terminal, IPC_7351 nominal with elongated pad for handsoldering. (Body size source: http://www.tortai-tech.com/upload/download/2011102023233369053.pdf), generated with kicad-footprint-generator")
    (tags "resistor handsolder")
    (path /5DE95834)
    (attr smd)
    (fp_text reference R3 (at 0 1.82) (layer B.SilkS)
      (effects (font (size 1 1) (thickness 0.15)) (justify mirror))
    )
    (fp_text value 100 (at 0 -1.82) (layer B.Fab)
      (effects (font (size 1 1) (thickness 0.15)) (justify mirror))
    )
    (fp_line (start -1.6 -0.8) (end -1.6 0.8) (layer B.Fab) (width 0.1))
    (fp_line (start -1.6 0.8) (end 1.6 0.8) (layer B.Fab) (width 0.1))
    (fp_line (start 1.6 0.8) (end 1.6 -0.8) (layer B.Fab) (width 0.1))
    (fp_line (start 1.6 -0.8) (end -1.6 -0.8) (layer B.Fab) (width 0.1))
    (fp_line (start -0.602064 0.91) (end 0.602064 0.91) (layer B.SilkS) (width 0.12))
    (fp_line (start -0.602064 -0.91) (end 0.602064 -0.91) (layer B.SilkS) (width 0.12))
    (fp_line (start -2.45 -1.12) (end -2.45 1.12) (layer B.CrtYd) (width 0.05))
    (fp_line (start -2.45 1.12) (end 2.45 1.12) (layer B.CrtYd) (width 0.05))
    (fp_line (start 2.45 1.12) (end 2.45 -1.12) (layer B.CrtYd) (width 0.05))
    (fp_line (start 2.45 -1.12) (end -2.45 -1.12) (layer B.CrtYd) (width 0.05))
    (fp_text user %R (at 0 0) (layer B.Fab)
      (effects (font (size 0.8 0.8) (thickness 0.12)) (justify mirror))
    )
    (pad 1 smd roundrect (at -1.4875 0 180) (size 1.425 1.75) (layers B.Cu B.Paste B.Mask) (roundrect_rratio 0.175439)
      (net 4 "Net-(C3-Pad1)"))
    (pad 2 smd roundrect (at 1.4875 0 180) (size 1.425 1.75) (layers B.Cu B.Paste B.Mask) (roundrect_rratio 0.175439)
      (net 7 "Net-(R3-Pad2)"))
    (model ${KISYS3DMOD}/Resistor_SMD.3dshapes/R_1206_3216Metric.wrl
      (at (xyz 0 0 0))
      (scale (xyz 1 1 1))
      (rotate (xyz 0 0 0))
    )
  )

  (module Resistor_SMD:R_1206_3216Metric_Pad1.42x1.75mm_HandSolder (layer B.Cu) (tedit 5B301BBD) (tstamp 5DE9CBFA)
    (at 124.206 113.284)
    (descr "Resistor SMD 1206 (3216 Metric), square (rectangular) end terminal, IPC_7351 nominal with elongated pad for handsoldering. (Body size source: http://www.tortai-tech.com/upload/download/2011102023233369053.pdf), generated with kicad-footprint-generator")
    (tags "resistor handsolder")
    (path /5DE97F19)
    (attr smd)
    (fp_text reference R4 (at 0 1.82) (layer B.SilkS)
      (effects (font (size 1 1) (thickness 0.15)) (justify mirror))
    )
    (fp_text value 20K (at 0 -1.82) (layer B.Fab)
      (effects (font (size 1 1) (thickness 0.15)) (justify mirror))
    )
    (fp_text user %R (at 0 0) (layer B.Fab)
      (effects (font (size 0.8 0.8) (thickness 0.12)) (justify mirror))
    )
    (fp_line (start 2.45 -1.12) (end -2.45 -1.12) (layer B.CrtYd) (width 0.05))
    (fp_line (start 2.45 1.12) (end 2.45 -1.12) (layer B.CrtYd) (width 0.05))
    (fp_line (start -2.45 1.12) (end 2.45 1.12) (layer B.CrtYd) (width 0.05))
    (fp_line (start -2.45 -1.12) (end -2.45 1.12) (layer B.CrtYd) (width 0.05))
    (fp_line (start -0.602064 -0.91) (end 0.602064 -0.91) (layer B.SilkS) (width 0.12))
    (fp_line (start -0.602064 0.91) (end 0.602064 0.91) (layer B.SilkS) (width 0.12))
    (fp_line (start 1.6 -0.8) (end -1.6 -0.8) (layer B.Fab) (width 0.1))
    (fp_line (start 1.6 0.8) (end 1.6 -0.8) (layer B.Fab) (width 0.1))
    (fp_line (start -1.6 0.8) (end 1.6 0.8) (layer B.Fab) (width 0.1))
    (fp_line (start -1.6 -0.8) (end -1.6 0.8) (layer B.Fab) (width 0.1))
    (pad 2 smd roundrect (at 1.4875 0) (size 1.425 1.75) (layers B.Cu B.Paste B.Mask) (roundrect_rratio 0.175439)
      (net 3 "Net-(C2-Pad2)"))
    (pad 1 smd roundrect (at -1.4875 0) (size 1.425 1.75) (layers B.Cu B.Paste B.Mask) (roundrect_rratio 0.175439)
      (net 5 VDD))
    (model ${KISYS3DMOD}/Resistor_SMD.3dshapes/R_1206_3216Metric.wrl
      (at (xyz 0 0 0))
      (scale (xyz 1 1 1))
      (rotate (xyz 0 0 0))
    )
  )

  (module Resistor_SMD:R_1206_3216Metric_Pad1.42x1.75mm_HandSolder (layer B.Cu) (tedit 5B301BBD) (tstamp 5DE9CC0B)
    (at 157.226 99.314 180)
    (descr "Resistor SMD 1206 (3216 Metric), square (rectangular) end terminal, IPC_7351 nominal with elongated pad for handsoldering. (Body size source: http://www.tortai-tech.com/upload/download/2011102023233369053.pdf), generated with kicad-footprint-generator")
    (tags "resistor handsolder")
    (path /5DE967A1)
    (attr smd)
    (fp_text reference R5 (at 0 1.82) (layer B.SilkS)
      (effects (font (size 1 1) (thickness 0.15)) (justify mirror))
    )
    (fp_text value 10K (at 0 -1.82) (layer B.Fab)
      (effects (font (size 1 1) (thickness 0.15)) (justify mirror))
    )
    (fp_text user %R (at 0 0) (layer B.Fab)
      (effects (font (size 0.8 0.8) (thickness 0.12)) (justify mirror))
    )
    (fp_line (start 2.45 -1.12) (end -2.45 -1.12) (layer B.CrtYd) (width 0.05))
    (fp_line (start 2.45 1.12) (end 2.45 -1.12) (layer B.CrtYd) (width 0.05))
    (fp_line (start -2.45 1.12) (end 2.45 1.12) (layer B.CrtYd) (width 0.05))
    (fp_line (start -2.45 -1.12) (end -2.45 1.12) (layer B.CrtYd) (width 0.05))
    (fp_line (start -0.602064 -0.91) (end 0.602064 -0.91) (layer B.SilkS) (width 0.12))
    (fp_line (start -0.602064 0.91) (end 0.602064 0.91) (layer B.SilkS) (width 0.12))
    (fp_line (start 1.6 -0.8) (end -1.6 -0.8) (layer B.Fab) (width 0.1))
    (fp_line (start 1.6 0.8) (end 1.6 -0.8) (layer B.Fab) (width 0.1))
    (fp_line (start -1.6 0.8) (end 1.6 0.8) (layer B.Fab) (width 0.1))
    (fp_line (start -1.6 -0.8) (end -1.6 0.8) (layer B.Fab) (width 0.1))
    (pad 2 smd roundrect (at 1.4875 0 180) (size 1.425 1.75) (layers B.Cu B.Paste B.Mask) (roundrect_rratio 0.175439)
      (net 5 VDD))
    (pad 1 smd roundrect (at -1.4875 0 180) (size 1.425 1.75) (layers B.Cu B.Paste B.Mask) (roundrect_rratio 0.175439)
      (net 4 "Net-(C3-Pad1)"))
    (model ${KISYS3DMOD}/Resistor_SMD.3dshapes/R_1206_3216Metric.wrl
      (at (xyz 0 0 0))
      (scale (xyz 1 1 1))
      (rotate (xyz 0 0 0))
    )
  )

  (module Rotary_Encoder:RotaryEncoder_Alps_EC12E-Switch_Vertical_H20mm (layer F.Cu) (tedit 5A64F492) (tstamp 5DE9CC32)
    (at 134.366 101.854)
    (descr "Alps rotary encoder, EC12E... with switch, vertical shaft, http://www.alps.com/prod/info/E/HTML/Encoder/Incremental/EC12E/EC12E1240405.html & http://cdn-reichelt.de/documents/datenblatt/F100/402097STEC12E08.PDF")
    (tags "rotary encoder")
    (path /5DE82110)
    (fp_text reference SW1 (at 2.8 -4.7) (layer F.SilkS)
      (effects (font (size 1 1) (thickness 0.15)))
    )
    (fp_text value Rotary_Encoder_Switch (at 7.5 10.4) (layer F.Fab)
      (effects (font (size 1 1) (thickness 0.15)))
    )
    (fp_line (start 7 2.5) (end 8 2.5) (layer F.SilkS) (width 0.12))
    (fp_line (start 7.5 2) (end 7.5 3) (layer F.SilkS) (width 0.12))
    (fp_text user %R (at 11.5 6.6) (layer F.Fab)
      (effects (font (size 1 1) (thickness 0.15)))
    )
    (fp_line (start 14.2 6.2) (end 14.2 8.8) (layer F.SilkS) (width 0.12))
    (fp_line (start 14.2 1.2) (end 14.2 3.8) (layer F.SilkS) (width 0.12))
    (fp_line (start 14.2 -3.8) (end 14.2 -1.2) (layer F.SilkS) (width 0.12))
    (fp_line (start 4.5 2.5) (end 10.5 2.5) (layer F.Fab) (width 0.12))
    (fp_line (start 7.5 -0.5) (end 7.5 5.5) (layer F.Fab) (width 0.12))
    (fp_line (start 0.3 -1.6) (end 0 -1.3) (layer F.SilkS) (width 0.12))
    (fp_line (start -0.3 -1.6) (end 0.3 -1.6) (layer F.SilkS) (width 0.12))
    (fp_line (start 0 -1.3) (end -0.3 -1.6) (layer F.SilkS) (width 0.12))
    (fp_line (start 0.8 -3.8) (end 0.8 -1.3) (layer F.SilkS) (width 0.12))
    (fp_line (start 5.6 -3.8) (end 0.8 -3.8) (layer F.SilkS) (width 0.12))
    (fp_line (start 0.8 8.8) (end 0.8 6) (layer F.SilkS) (width 0.12))
    (fp_line (start 5.7 8.8) (end 0.8 8.8) (layer F.SilkS) (width 0.12))
    (fp_line (start 14.2 8.8) (end 9.3 8.8) (layer F.SilkS) (width 0.12))
    (fp_line (start 9.3 -3.8) (end 14.2 -3.8) (layer F.SilkS) (width 0.12))
    (fp_line (start 0.9 -2.6) (end 1.9 -3.7) (layer F.Fab) (width 0.12))
    (fp_line (start 0.9 8.7) (end 0.9 -2.6) (layer F.Fab) (width 0.12))
    (fp_line (start 14.1 8.7) (end 0.9 8.7) (layer F.Fab) (width 0.12))
    (fp_line (start 14.1 -3.7) (end 14.1 8.7) (layer F.Fab) (width 0.12))
    (fp_line (start 1.9 -3.7) (end 14.1 -3.7) (layer F.Fab) (width 0.12))
    (fp_line (start -1.5 -4.85) (end 16 -4.85) (layer F.CrtYd) (width 0.05))
    (fp_line (start -1.5 -4.85) (end -1.5 9.85) (layer F.CrtYd) (width 0.05))
    (fp_line (start 16 9.85) (end 16 -4.85) (layer F.CrtYd) (width 0.05))
    (fp_line (start 16 9.85) (end -1.5 9.85) (layer F.CrtYd) (width 0.05))
    (fp_circle (center 7.5 2.5) (end 10.5 2.5) (layer F.SilkS) (width 0.12))
    (fp_circle (center 7.5 2.5) (end 10.5 2.5) (layer F.Fab) (width 0.12))
    (pad S2 thru_hole circle (at 14.5 5) (size 2 2) (drill 1) (layers *.Cu *.Mask)
      (net 2 GND))
    (pad S1 thru_hole circle (at 14.5 0) (size 2 2) (drill 1) (layers *.Cu *.Mask)
      (net 7 "Net-(R3-Pad2)"))
    (pad MP thru_hole rect (at 7.5 8.1) (size 3 2.5) (drill oval 2.5 2) (layers *.Cu *.Mask))
    (pad MP thru_hole rect (at 7.5 -3.1) (size 3 2.5) (drill oval 2.5 2) (layers *.Cu *.Mask))
    (pad B thru_hole circle (at 0 5) (size 2 2) (drill 1) (layers *.Cu *.Mask)
      (net 3 "Net-(C2-Pad2)"))
    (pad C thru_hole circle (at 0 2.5) (size 2 2) (drill 1) (layers *.Cu *.Mask)
      (net 6 "Net-(R1-Pad1)"))
    (pad A thru_hole rect (at 0 0) (size 2 2) (drill 1) (layers *.Cu *.Mask)
      (net 1 "Net-(C1-Pad1)"))
    (model ${KISYS3DMOD}/Rotary_Encoder.3dshapes/RotaryEncoder_Alps_EC12E-Switch_Vertical_H20mm.wrl
      (at (xyz 0 0 0))
      (scale (xyz 1 1 1))
      (rotate (xyz 0 0 0))
    )
  )

  (gr_line (start 113.157 127.508) (end 113.157 91.694) (layer Edge.Cuts) (width 0.1) (tstamp 5DED89D4))
  (gr_line (start 113.157 127.635) (end 113.157 127.508) (layer Edge.Cuts) (width 0.1))
  (gr_line (start 165.354 127.635) (end 113.157 127.635) (layer Edge.Cuts) (width 0.1))
  (gr_line (start 165.354 91.694) (end 165.354 127.635) (layer Edge.Cuts) (width 0.1))
  (gr_line (start 113.157 91.694) (end 165.354 91.694) (layer Edge.Cuts) (width 0.1))
  (gr_text VDD (at 133.096 123.444) (layer B.Cu)
    (effects (font (size 1.5 1.5) (thickness 0.375)) (justify mirror))
  )

  (via (at 125.857 117.221) (size 1) (drill 0.5) (layers F.Cu B.Cu) (net 2) (tstamp 5DED888C))
  (via (at 127.857 117.221) (size 1) (drill 0.5) (layers F.Cu B.Cu) (net 2) (tstamp 5DED8893))
  (via (at 129.857 117.221) (size 1) (drill 0.5) (layers F.Cu B.Cu) (net 2) (tstamp 5DED8895))
  (via (at 125.857 119.221) (size 1) (drill 0.5) (layers F.Cu B.Cu) (net 2) (tstamp 5DED8897))
  (via (at 127.857 119.221) (size 1) (drill 0.5) (layers F.Cu B.Cu) (net 2) (tstamp 5DED8899))
  (via (at 129.857 119.221) (size 1) (drill 0.5) (layers F.Cu B.Cu) (net 2) (tstamp 5DED889B))
  (via (at 125.857 121.221) (size 1) (drill 0.5) (layers F.Cu B.Cu) (net 2) (tstamp 5DED889D))
  (via (at 127.857 121.221) (size 1) (drill 0.5) (layers F.Cu B.Cu) (net 2) (tstamp 5DED889F))
  (via (at 129.857 121.221) (size 1) (drill 0.5) (layers F.Cu B.Cu) (net 2) (tstamp 5DED88A1))
  (segment (start 125.6935 95.504) (end 125.6935 99.314) (width 0.381) (layer B.Cu) (net 1))
  (segment (start 134.366 100.473) (end 134.366 101.854) (width 0.381) (layer B.Cu) (net 1))
  (segment (start 133.207 99.314) (end 134.366 100.473) (width 0.381) (layer B.Cu) (net 1))
  (segment (start 125.6935 99.314) (end 133.207 99.314) (width 0.381) (layer B.Cu) (net 1))
  (segment (start 144.511 117.094) (end 144.511 118.364) (width 0.381) (layer B.Cu) (net 1))
  (segment (start 135.747 101.854) (end 137.017 103.124) (width 0.381) (layer B.Cu) (net 1))
  (segment (start 137.017 103.124) (end 137.017 114.554) (width 0.381) (layer B.Cu) (net 1))
  (segment (start 137.017 114.554) (end 138.287 115.824) (width 0.381) (layer B.Cu) (net 1))
  (segment (start 134.366 101.854) (end 135.747 101.854) (width 0.381) (layer B.Cu) (net 1))
  (segment (start 138.287 115.824) (end 143.241 115.824) (width 0.381) (layer B.Cu) (net 1))
  (segment (start 143.241 115.824) (end 144.511 117.094) (width 0.381) (layer B.Cu) (net 1))
  (segment (start 155.6585 106.854) (end 155.7385 106.934) (width 0.381) (layer B.Cu) (net 2))
  (segment (start 148.866 106.854) (end 155.6585 106.854) (width 0.381) (layer B.Cu) (net 2))
  (segment (start 122.7185 99.314) (end 122.7185 104.394) (width 0.381) (layer B.Cu) (net 2))
  (segment (start 122.7185 104.394) (end 122.7185 109.474) (width 0.381) (layer B.Cu) (net 2))
  (via (at 120.904 106.807) (size 1) (drill 0.5) (layers F.Cu B.Cu) (net 2))
  (segment (start 148.866 111.484) (end 148.866 106.854) (width 0.381) (layer F.Cu) (net 2))
  (via (at 150.876 123.444) (size 1) (drill 0.5) (layers F.Cu B.Cu) (net 2))
  (segment (start 150.876 123.444) (end 144.511 123.444) (width 0.381) (layer B.Cu) (net 2))
  (segment (start 150.876 114.554) (end 150.876 123.444) (width 0.381) (layer F.Cu) (net 2))
  (segment (start 148.866 111.484) (end 148.866 112.544) (width 0.381) (layer F.Cu) (net 2))
  (segment (start 148.866 112.544) (end 150.876 114.554) (width 0.381) (layer F.Cu) (net 2))
  (segment (start 122.7185 104.394) (end 120.396 104.394) (width 0.381) (layer B.Cu) (net 2))
  (segment (start 148.866 112.754) (end 148.866 111.484) (width 0.381) (layer F.Cu) (net 2))
  (segment (start 129.286 104.394) (end 130.556 105.664) (width 0.381) (layer F.Cu) (net 2))
  (segment (start 120.396 104.394) (end 129.286 104.394) (width 0.381) (layer F.Cu) (net 2))
  (segment (start 130.556 105.664) (end 130.556 113.284) (width 0.381) (layer F.Cu) (net 2))
  (segment (start 130.556 113.284) (end 131.826 114.554) (width 0.381) (layer F.Cu) (net 2))
  (segment (start 131.826 114.554) (end 147.066 114.554) (width 0.381) (layer F.Cu) (net 2))
  (segment (start 147.066 114.554) (end 148.866 112.754) (width 0.381) (layer F.Cu) (net 2))
  (via (at 150.622 112.268) (size 1) (drill 0.5) (layers F.Cu B.Cu) (net 2))
  (via (at 152.622 112.268) (size 1) (drill 0.5) (layers F.Cu B.Cu) (net 2) (tstamp 5DED8848))
  (via (at 154.622 112.268) (size 1) (drill 0.5) (layers F.Cu B.Cu) (net 2) (tstamp 5DED884A))
  (via (at 150.622 114.268) (size 1) (drill 0.5) (layers F.Cu B.Cu) (net 2) (tstamp 5DED884E))
  (via (at 152.622 114.268) (size 1) (drill 0.5) (layers F.Cu B.Cu) (net 2) (tstamp 5DED8850))
  (via (at 154.622 114.268) (size 1) (drill 0.5) (layers F.Cu B.Cu) (net 2) (tstamp 5DED8852))
  (via (at 150.622 116.268) (size 1) (drill 0.5) (layers F.Cu B.Cu) (net 2) (tstamp 5DED8856))
  (via (at 152.622 116.268) (size 1) (drill 0.5) (layers F.Cu B.Cu) (net 2) (tstamp 5DED8858))
  (via (at 154.622 116.268) (size 1) (drill 0.5) (layers F.Cu B.Cu) (net 2) (tstamp 5DED885A))
  (via (at 152.876 123.444) (size 1) (drill 0.5) (layers F.Cu B.Cu) (net 2) (tstamp 5DED8884))
  (via (at 150.876 125.444) (size 1) (drill 0.5) (layers F.Cu B.Cu) (net 2) (tstamp 5DED8886))
  (via (at 152.876 125.444) (size 1) (drill 0.5) (layers F.Cu B.Cu) (net 2) (tstamp 5DED8888))
  (via (at 122.904 106.807) (size 1) (drill 0.5) (layers F.Cu B.Cu) (net 2) (tstamp 5DED8903))
  (via (at 124.904 106.807) (size 1) (drill 0.5) (layers F.Cu B.Cu) (net 2) (tstamp 5DED8905))
  (via (at 120.904 101.854) (size 1) (drill 0.5) (layers F.Cu B.Cu) (net 2))
  (via (at 122.904 101.854) (size 1) (drill 0.5) (layers F.Cu B.Cu) (net 2) (tstamp 5DED8920))
  (via (at 124.904 101.854) (size 1) (drill 0.5) (layers F.Cu B.Cu) (net 2) (tstamp 5DED8922))
  (via (at 135.255 112.014) (size 1) (drill 0.5) (layers F.Cu B.Cu) (net 2))
  (via (at 135.255 114.681) (size 1) (drill 0.5) (layers F.Cu B.Cu) (net 2))
  (segment (start 134.366 108.204) (end 134.366 106.854) (width 0.381) (layer B.Cu) (net 3))
  (segment (start 125.6935 109.474) (end 133.096 109.474) (width 0.381) (layer B.Cu) (net 3))
  (segment (start 133.096 109.474) (end 134.366 108.204) (width 0.381) (layer B.Cu) (net 3))
  (segment (start 125.6935 109.474) (end 125.6935 113.284) (width 0.381) (layer B.Cu) (net 3))
  (segment (start 135.636 118.364) (end 139.461 118.364) (width 0.381) (layer B.Cu) (net 3))
  (segment (start 133.096 109.474) (end 133.096 115.824) (width 0.381) (layer B.Cu) (net 3))
  (segment (start 133.096 115.824) (end 135.636 118.364) (width 0.381) (layer B.Cu) (net 3))
  (segment (start 138.386 123.444) (end 139.461 123.444) (width 0.381) (layer B.Cu) (net 5))
  (segment (start 158.7135 99.314) (end 158.7135 103.124) (width 0.381) (layer B.Cu) (net 4))
  (segment (start 158.7135 103.124) (end 158.7135 106.934) (width 0.381) (layer B.Cu) (net 4))
  (segment (start 158.7135 119.4165) (end 158.7135 106.934) (width 0.381) (layer B.Cu) (net 4))
  (segment (start 157.226 120.904) (end 158.7135 119.4165) (width 0.381) (layer B.Cu) (net 4))
  (segment (start 157.226 120.904) (end 139.461 120.904) (width 0.381) (layer B.Cu) (net 4))
  (segment (start 122.7185 123.2265) (end 122.7185 113.284) (width 0.381) (layer B.Cu) (net 5))
  (segment (start 124.206 124.714) (end 122.7185 123.2265) (width 0.381) (layer B.Cu) (net 5))
  (segment (start 135.651 124.714) (end 124.206 124.714) (width 0.381) (layer B.Cu) (net 5))
  (segment (start 136.921 123.444) (end 139.461 123.444) (width 0.381) (layer B.Cu) (net 5))
  (segment (start 135.651 124.714) (end 136.921 123.444) (width 0.381) (layer B.Cu) (net 5))
  (segment (start 120.396 113.284) (end 122.7185 113.284) (width 0.381) (layer B.Cu) (net 5))
  (segment (start 119.126 112.014) (end 120.396 113.284) (width 0.381) (layer B.Cu) (net 5))
  (segment (start 119.126 96.774) (end 119.126 112.014) (width 0.381) (layer B.Cu) (net 5))
  (segment (start 122.7185 95.504) (end 120.396 95.504) (width 0.381) (layer B.Cu) (net 5))
  (segment (start 120.396 95.504) (end 119.126 96.774) (width 0.381) (layer B.Cu) (net 5))
  (segment (start 122.7185 94.4515) (end 122.7185 95.504) (width 0.381) (layer B.Cu) (net 5))
  (segment (start 123.444 93.726) (end 122.7185 94.4515) (width 0.381) (layer B.Cu) (net 5))
  (segment (start 155.013 93.726) (end 123.444 93.726) (width 0.381) (layer B.Cu) (net 5))
  (segment (start 155.7385 99.314) (end 155.7385 94.4515) (width 0.381) (layer B.Cu) (net 5))
  (segment (start 155.7385 94.4515) (end 155.013 93.726) (width 0.381) (layer B.Cu) (net 5))
  (segment (start 134.326 104.394) (end 134.366 104.354) (width 0.381) (layer B.Cu) (net 6))
